   1.00000005E-03   73.0781631       36.1399040    
   1.49499997E-03   72.8461914       32.8421516    
   1.99000002E-03   72.5199966       29.5981789    
   2.48500006E-03   72.1026382       26.4050140    
   2.97999987E-03   71.5957947       23.2631283    
   3.47500015E-03   70.9990692       20.1742859    
   3.96999996E-03   70.3141785       17.1407871    
   4.46499977E-03   69.5423355       14.1651945    
   4.96000005E-03   68.6851959       11.2501898    
   5.45499986E-03   67.7444458       8.39850140    
   5.95000014E-03   66.7220154       5.61284065    
   6.44499995E-03   65.6197815       2.89590263    
   6.93999976E-03   64.4402084      0.250293195    
   7.43500004E-03   63.1854210      -2.32141900    
   7.92999938E-03   61.8579750      -4.81676102    
   8.42500012E-03   60.4605751      -7.23338366    
   8.91999993E-03   58.9959946      -9.56901073    
   9.41499975E-03   57.4670486      -11.8214808    
   9.90999956E-03   55.8768005      -13.9887676    
   1.04050003E-02   54.2284241      -16.0689793    
   1.09000001E-02   52.5251465      -18.0603294    
   1.13949999E-02   50.7702637      -19.9611797    
   1.18899997E-02   48.9672852      -21.7700539    
   1.23849995E-02   47.1196671      -23.4855919    
   1.28799994E-02   45.2310753      -25.1066208    
   1.33750001E-02   43.3051109      -26.6320896    
   1.38699999E-02   41.3455505      -28.0611210    
   1.43649997E-02   39.3561554      -29.3929996    
   1.48599995E-02   37.3407326      -30.6271629    
   1.53549993E-02   35.3031502      -31.7632256    
   1.58500001E-02   33.2473030      -32.8009720    
   1.63449999E-02   31.1770592      -33.7403221    
   1.68399997E-02   29.0963688      -34.5814171    
   1.73349995E-02   27.0091038      -35.3245163    
   1.78299993E-02   24.9191704      -35.9700699    
   1.83249991E-02   22.8304691      -36.5187111    
   1.88199989E-02   20.7468262      -36.9711990    
   1.93149988E-02   18.6720905      -37.3285027    
   1.98100004E-02   16.6099930      -37.5917053    
   2.03050002E-02   14.5643282      -37.7621231    
   2.08000001E-02   12.5387173      -37.8411484    
   2.12949999E-02   10.5367632      -37.8303719    
   2.17899997E-02   8.56200790      -37.7315521    
   2.22849995E-02   6.61789513      -37.5465736    
   2.27799993E-02   4.70776224      -37.2774506    
   2.32749991E-02   2.83487988      -36.9263687    
   2.37699989E-02   1.00239027      -36.4956207    
   2.42649987E-02 -0.786646545      -35.9876595    
   2.47599985E-02  -2.52932215      -35.4050255    
   2.52550002E-02  -4.22282362      -34.7504120    
   2.57500000E-02  -5.86445904      -34.0266190    
   2.62449998E-02  -7.45169878      -33.2365189    
   2.67399997E-02  -8.98214054      -32.3831177    
   2.72349995E-02  -10.4535141      -31.4695129    
   2.77299993E-02  -11.8637037      -30.4988785    
   2.82249991E-02  -13.2107420      -29.4744720    
   2.87199989E-02  -14.4928226      -28.3996105    
   2.92149987E-02  -15.7082882      -27.2776966    
   2.97099985E-02  -16.8556480      -26.1121578    
   3.02050002E-02  -17.9335766      -24.9065037    
   3.07000000E-02  -18.9408932      -23.6642799    
   3.11949998E-02  -19.8766098      -22.3890381    
   3.16899978E-02  -20.7398853      -21.0843830    
   3.21849994E-02  -21.5300694      -19.7539101    
   3.26799974E-02  -22.2466488      -18.4012604    
   3.31749991E-02  -22.8893089      -17.0300236    
   3.36699970E-02  -23.4578800      -15.6438522    
   3.41649987E-02  -23.9523773      -14.2463074    
   3.46599966E-02  -24.3729668      -12.8410006    
   3.51549983E-02  -24.7199898      -11.4314384    
   3.56499963E-02  -24.9939365      -10.0211401    
   3.61449979E-02  -25.1954727      -8.61357307    
   3.66399959E-02  -25.3254070      -7.21213436    
   3.71349975E-02  -25.3847141      -5.82017612    
   3.76299955E-02  -25.3745079      -4.44097137    
   3.81249972E-02  -25.2960510      -3.07771993    
   3.86199988E-02  -25.1507587      -1.73354292    
   3.91149968E-02  -24.9401569     -0.411482811    
   3.96099985E-02  -24.6659451      0.885533452    
   4.01049964E-02  -24.3299103       2.15464950    
   4.05999981E-02  -23.9339828       3.39316225    
   4.10949960E-02  -23.4802113       4.59841108    
   4.15899977E-02  -22.9707413       5.76792622    
   4.20849957E-02  -22.4078369       6.89929104    
   4.25799973E-02  -21.7938404       7.99027920    
   4.30749953E-02  -21.1312332       9.03871632    
   4.35699970E-02  -20.4225082       10.0426493    
   4.40649986E-02  -19.6702976       11.0001917    
   4.45599966E-02  -18.8772888       11.9096241    
   4.50549982E-02  -18.0462017       12.7693787    
   4.55499962E-02  -17.1798763       13.5780087    
   4.60449979E-02  -16.2811375       14.3342352    
   4.65399958E-02  -15.3528891       15.0369186    
   4.70349975E-02  -14.3980570       15.6850700    
   4.75299954E-02  -13.4195986       16.2778492    
   4.80249971E-02  -12.4204874       16.8145714    
   4.85199951E-02  -11.4037046       17.2946987    
   4.90149967E-02  -10.3722553       17.7178478    
   4.95099984E-02  -9.32911015       18.0837803    
   5.00049964E-02  -8.27727127       18.3924160    
   5.04999980E-02  -7.21966553       18.6438084    
   5.09949960E-02  -6.15926456       18.8381767    
   5.14899977E-02  -5.09893703       18.9758606    
   5.19849956E-02  -4.04158354       19.0573673    
   5.24799973E-02  -2.98998427       19.0833168    
   5.29749952E-02  -1.94694531       19.0544910    
   5.34699969E-02 -0.915146410       18.9717808    
   5.39649986E-02  0.102765694       18.8362179    
   5.44599965E-02   1.10419607       18.6489639    
   5.49549982E-02   2.08667541       18.4112892    
   5.54499961E-02   3.04777479       18.1245804    
   5.59449978E-02   3.98518109       17.7903481    
   5.64399958E-02   4.89664125       17.4101982    
   5.69349974E-02   5.78003454       16.9858475    
   5.74299954E-02   6.63332462       16.5190811    
   5.79249971E-02   7.45458174       16.0118160    
   5.84199950E-02   8.24198055       15.4660187    
   5.89149967E-02   8.99383163       14.8837452    
   5.94099984E-02   9.70853329       14.2671261    
   5.99049963E-02   10.3846159       13.6183615    
   6.03999980E-02   11.0207424       12.9396868    
   6.08949959E-02   11.6156816       12.2334204    
   6.13899976E-02   12.1683378       11.5019121    
   6.18849955E-02   12.6777458       10.7475471    
   6.23799972E-02   13.1430616       9.97275448    
   6.28749952E-02   13.5635796       9.17996883    
   6.33699968E-02   13.9387169       8.37166119    
   6.38649985E-02   14.2680264       7.55031395    
   6.43600002E-02   14.5511847       6.71842241    
   6.48550019E-02   14.7880068       5.87843895    
   6.53500035E-02   14.9784288       5.03287458    
   6.58449978E-02   15.1225176       4.18418026    
   6.63399994E-02   15.2204704       3.33477855    
   6.68350011E-02   15.2726030       2.48709130    
   6.73300028E-02   15.2793550       1.64350975    
   6.78249970E-02   15.2412872      0.806373477    
   6.83199987E-02   15.1590738      -2.20366232E-02
   6.88150004E-02   15.0335073     -0.839473605    
   6.93100020E-02   14.8654919      -1.64372981    
   6.98050037E-02   14.6560316      -2.43269610    
   7.02999979E-02   14.4062490      -3.20428991    
   7.07949996E-02   14.1173401      -3.95655870    
   7.12900013E-02   13.7906179      -4.68757057    
   7.17850029E-02   13.4274769      -5.39549446    
   7.22799972E-02   13.0294037      -6.07857895    
   7.27749988E-02   12.5979586      -6.73518085    
   7.32700005E-02   12.1347790      -7.36373091    
   7.37650022E-02   11.6415739      -7.96276379    
   7.42599964E-02   11.1201239      -8.53089428    
   7.47549981E-02   10.5722494      -9.06687641    
   7.52499998E-02   9.99985313      -9.56953239    
   7.57450014E-02   9.40485287      -10.0378180    
   7.62400031E-02   8.78925037      -10.4707680    
   7.67349973E-02   8.15504742      -10.8675480    
   7.72299990E-02   7.50428581      -11.2274389    
   7.77250007E-02   6.83903027      -11.5498247    
   7.82200024E-02   6.16139030      -11.8341913    
   7.87149966E-02   5.47345686      -12.0801497    
   7.92099983E-02   4.77732944      -12.2874298    
   7.97049999E-02   4.07511425      -12.4558659    
   8.02000016E-02   3.36893320      -12.5853968    
   8.06950033E-02   2.66087437      -12.6760855    
   8.11899975E-02   1.95301998      -12.7280970    
   8.16849992E-02   1.24739408      -12.7417097    
   8.21800008E-02  0.546046078      -12.7173014    
   8.26750025E-02 -0.149027735      -12.6553602    
   8.31699967E-02 -0.835869849      -12.5564766    
   8.36649984E-02  -1.51259243      -12.4213343    
   8.41600001E-02  -2.17731118      -12.2507181    
   8.46550018E-02  -2.82822013      -12.0455084    
   8.51499960E-02  -3.46356058      -11.8066730    
   8.56449977E-02  -4.08166838      -11.5352583    
   8.61399993E-02  -4.68089914      -11.2324047    
   8.66350010E-02  -5.25970030      -10.8993311    
   8.71300027E-02  -5.81659889      -10.5373230    
   8.76249969E-02  -6.35018682      -10.1477470    
   8.81199986E-02  -6.85915136      -9.73202133    
   8.86150002E-02  -7.34225035      -9.29163742    
   8.91100019E-02  -7.79833698      -8.82813454    
   8.96049961E-02  -8.22634411      -8.34311581    
   9.00999978E-02  -8.62530518      -7.83822060    
   9.05949995E-02  -8.99434280      -7.31512737    
   9.10900012E-02  -9.33267784      -6.77554989    
   9.15850028E-02  -9.63962173      -6.22124958    
   9.20799971E-02  -9.91457653      -5.65401030    
   9.25749987E-02  -10.1570644      -5.07561350    
   9.30700004E-02  -10.3666878      -4.48786831    
   9.35650021E-02  -10.5431557      -3.89259863    
   9.40599963E-02  -10.6862659      -3.29166031    
   9.45549980E-02  -10.7959299      -2.68683887    
   9.50499997E-02  -10.8721457      -2.07996869    
   9.55450013E-02  -10.9150133      -1.47285700    
   9.60399956E-02  -10.9247246     -0.867314637    
   9.65349972E-02  -10.9015722     -0.265096635    
   9.70299989E-02  -10.8459349      0.332051486    
   9.75250006E-02  -10.7582874      0.922412932    
   9.80200022E-02  -10.6391878       1.50430322    
   9.85149965E-02  -10.4892912       2.07607102    
   9.90099981E-02  -10.3093243       2.63613939    
   9.95049998E-02  -10.1000977       3.18296313    
